AASI:NW,0.05350728,-0.17811427,-0.28271832,0.26835323,-0.10850006,0.07172936,0.01546451,0.03723259,0.21186877,0.1771208,0.0226668,0.0560092,-0.02103283,0.02956412,-0.12303728,-0.14159725,0.02921862,0.04090035,-0.04161562,0.02184833,0.0816503,-0.059364,0.05498364,-0.04067533,-0.02516944
AASI:AASI_North,0.00963832,-0.22142592,-0.25101047,0.20700565,-0.07321572,0.10921577,0.00789175,0.03891915,0.147141,0.12174285,-0.01706456,0.0138743,-0.02416641,0.03534626,-0.01860874,-0.04485596,0.03348487,0.00330606,-0.01193263,0.02780748,0.00906849,0.00048198,-0.00107838,0.01959068,-0.03209499
AASI:AASI_South,0.00275558,-0.21172637,-0.20507535,0.16364539,-0.03427554,0.06580224,-0.00790216,0.02927104,0.1315089,0.09542652,-0.00310936,0.00015816,-0.00532962,0.02403386,-0.04474331,-0.04010254,0.02371038,0.00205242,-0.00052311,0.04382888,0.00736782,0.02477185,-0.00992594,0.01865775,-0.01669652
AASI:S_AASI_Sim:Hakkipikki,-0.017354205,-0.304894303,-0.268679085,0.181329575,-0.039351991,0.073271504,-0.022843875,0.037359828,0.187881353,0.126707043,-0.010024877,-0.004718921,0.008198494,0.036303194,-0.056184046,-0.072647447,-0.011352189,0.00825265,0.004209097,0.038425578,0.00661663,0.026988706,0.007609686,0.01678573,-0.009232161
AASI:S_AASI_Sim:Mala,0.003619659,-0.232207345,-0.238759358,0.177803307,-0.049846413,0.074427442,-0.013528674,0.028614532,0.145189154,0.099856405,-0.009629229,-0.007501248,0.004294371,0.024294913,-0.044886968,-0.038569947,0.008810692,-0.004591174,-0.004761423,0.029743743,0.014289671,0.018672895,0.00018522,0.016546395,-0.013074696
AASI:S_AASI_Sim:Pulliyar,-0.004810655,-0.212137156,-0.203515802,0.148876368,-0.031558109,0.053539852,-0.011510205,0.024112889,0.125139446,0.089041726,0.000713882,-0.003792554,-0.000836537,0.024717049,-0.049653257,-0.032409686,0.023256422,0.001963602,0.003977382,0.044586008,0.007150366,0.028673754,-0.011179757,0.016897181,-0.011729691
AASI:S_AASI_Sim:Irula,-0.009525226,-0.239836772,-0.208951108,0.15454375,-0.020718969,0.056088654,-0.012872771,0.020823205,0.131311868,0.088651109,0.000283925,-0.001321365,0.001259261,0.018812454,-0.040159185,-0.037173939,0.01966007,-0.002000181,-0.002444666,0.043405215,0.009660745,0.021705468,-0.00888917,0.013704877,-0.009439234
East-Asian:CHN_Upper_Yellow_River_LN,0.0170734,-0.4421616,0.022778,-0.0515508,0.0196344,-0.0039602,0.0089774,0.0057692,-0.0035588,0.0106792,-0.0916846,-0.0111202,0.0117144,-0.0013762,-0.0077904,-0.0013258,-0.0005476,-0.0033952,-0.0051536,0.0010756,0.0009234,0.0163468,0.0057188,0.0008918,0.025794
East-Asian:NPL_Chokhopani_2700BP,0.012521,-0.410274,-0.011691,-0.031331,0.017542,0.011435,0.00658,0.011999,0.010022,0.021139,-0.081194,-0.006444,0.010109,-0.004679,-0.011401,0,0.011213,-0.001267,-0.009302,0.009379,0.004991,0.029306,0.004314,0.003615,0.031734
East-Asian:NPL_Mebrak_2125BP,0.009106,-0.416367,-0.000377,-0.030685,0.023081,0.007809,0.003525,0.012692,0.011453,0.01713,-0.073562,-0.012589,0.015163,-0.006606,-0.003122,0.000133,-0.002347,-0.006841,-0.008422,-0.001251,0.001123,0.031902,0.014913,-0.008073,0.041673
East-Asian:MNG_Slab_Grave_EIA_1,0.0305427,-0.4249989,0.0834694,-0.0222062,-0.0772452,-0.0480622,0.0137874,0.0206529,0.0132601,0.0156721,-0.0286208,-0.0003621,-0.0007187,-0.004771,-0.0016172,-0.0019006,-0.0015321,-0.0014042,0.0019484,0.0155909,-0.0243426,0.0001546,-0.0196272,-0.0035748,0.0033928
East-Asian:MNG_Ulaanzuukh_Slab_Grave,0.0247883,-0.4316,0.0744604,-0.0324077,-0.0641144,-0.0424223,0.0110716,0.0203838,0.0101353,0.0177378,-0.0425639,-0.0023647,-0.000165,0.0003823,4.51e-05,-0.0017383,0.0008403,-0.0046594,-0.0001953,0.0198567,-0.0247064,-0.0017723,-0.0200073,-0.0059041,0.0012639
East-Asian:Mongolia_LBA_Khovsgol_6,0.0489439,-0.3287495,0.0815837,0.0202952,-0.0754329,-0.0278891,-0.0009269,-0.0007692,0.0017952,-0.0056088,-0.0174838,-0.0034053,0.0043854,-0.0193283,0.0049161,0.0007808,-0.0025426,-0.0003096,0.0015921,0.0139651,-0.0329973,0.0060039,-0.0079768,-0.0051211,0.0003392
East-Asian:Russia_LakeBaikal_N.SG:irk071_noUDG.SG,0.053497,-0.358482,0.1022,0.025194,-0.104635,-0.040997,-0.00752,-0.004154,0.002454,-0.009294,0.017376,0.002398,0.003865,-0.031791,0.004479,-0.003978,-0.00326,0.002534,0.006034,0.016258,-0.037184,0.009398,0.000739,-0.012532,-0.008023
East-Asian:Russia_LakeBaikal_N.SG:irk075_noUDG.SG,0.040976,-0.369653,0.099937,0.023256,-0.099095,-0.047969,-0.005405,-0.007154,0.01268,-0.004738,0.012666,-0.003297,0.002676,-0.03647,-0.001357,0,-0.00665,-0.004054,0.00817,0.008004,-0.03419,0.00915,0.013434,-0.009519,-0.010658
East-Asian:Mongolia_North_N(5578.BC-5530.BC.n=7),0.024228,-0.4316,0.088839,-0.025056,-0.082301,-0.051874,0.013228,0.014901,0.017005,0.02015,-0.029903,-0.002206,0.001996,-0.004876,-0.005138,-0.004925,0.003781,0.000615,0.003053,0.019992,-0.019822,-0.003321,-0.01692,-0.005715,0.008725
SouthEast-Asian:Laos_BA.WGC,0.003415,-0.378792,-0.078818,-0.032946,0.156029,0.071117,0.00188,-0.010153,0.002454,-0.019317,0.086391,0.008243,-0.017988,0.003716,0.008415,-0.003447,-0.000522,-0.001647,-0.006411,0.019885,-0.007986,0.009645,-0.009613,-0.011206,0.036404
SouthEast-Asian:Laos_Hoabinhian.SG,-0.030732,-0.222401,-0.121433,0.089148,0.02185,-0.001952,-0.005875,0.015922,0.058085,0.024055,0.016401,0.002398,0.000743,0.002202,-0.0095,-0.005967,-0.002868,-0.007348,-0.004525,0.026012,0.010482,0.013107,-0.013434,0.002892,0.005269
SouthEast-Asian:Laos_LN_BA.SG,0.003415,-0.403165,-0.085606,-0.035853,0.15049,0.075858,-0.00141,-0.013615,-0.007976,-0.019681,0.088826,0.004796,-0.01115,0.011423,0.004614,-0.005701,-0.004172,0.000127,-0.002891,0.027138,-0.018592,0.021021,-0.011585,-0.000843,0.039996
SouthEast-Asian:Vietnam_BA:I2497__AD_1__Cov_27.17%,0.005691,-0.429569,-0.034695,-0.04845,0.124946,0.062472,-0.0094,-0.018922,-0.023316,-0.007107,0.01835,-0.004046,-0.003717,-0.007707,-0.002443,0.004906,-0.008084,-0.007981,0.005405,-0.006628,0.010981,0.006183,0.011955,0.002892,0.015807
SouthEast-Asian:Vietnam_N(1999.BC-1808.BC.n=2),0.001707,-0.385902,-0.064299,-0.034723,0.131563,0.056754,0.00188,-0.011076,-0.013703,-0.014944,0.069665,0.001649,-0.004386,0.000757,0.015133,-0.00484,0.000652,6.3e-05,-0.003708,0.014507,-0.002745,0.006121,0.002465,-0.007652,0.03353
West-Eurasian_Farmer:Turkmenistan_C_Parkhai,0.073985,0.0878432,-0.1350092,0.0101745,-0.112021,0.025379,0.0090478,-0.0019615,-0.0843147,-0.049933,-0.0008932,0.002473,-0.0056865,-0.0093585,0.0236832,0.030363,-0.010887,0.0052893,0.0082332,-0.0263252,0.0039932,-0.0199082,-0.0025883,-0.0223223,0.0106875
West-Eurasian_Farmer:Turkmenistan_C_TepeAnau,0.073226,0.0798883,-0.125204,0.011628,-0.111303,0.027331,0.0147273,-0.0023847,-0.0820143,-0.0513907,-0.0026523,0.00025,-0.003568,-0.011652,0.022484,0.04181,0.002912,0.0017317,0.0098463,-0.0232193,0.0058233,-0.0201553,-0.008381,-0.02418,0.0106573
West-Eurasian_Farmer:Uzbekistan_Bustan_BA(1795.BC-1450.BC.n=6),0.082332,0.080227,-0.114645,0.005922,-0.093351,0.019522,0.008343,-0.002038,-0.058358,-0.036356,0.001651,-0.000225,0.003766,-0.006101,0.01036,0.02212,-0.008627,0.002893,0.007731,-0.021114,-0.001206,-0.01218,-0.003759,-0.019943,0.007464
West-Eurasian_Farmer:Turkmenistan_Gonur_BA_1(2250.BC-1800.BC.n=12),0.079487,0.079042,-0.111439,0.00821,-0.098608,0.021521,0.007618,-0.005865,-0.063539,-0.040669,-0.003045,0.002186,-0.005067,-0.006572,0.018322,0.025844,-0.005248,0.0,0.004777,-0.023459,-0.002839,-0.0132,-0.001407,-0.016026,0.010368
Excess_West-Iran:Iran_Hasanlu_IA(1201.BC-632.BC.n=18),0.092766,0.121751,-0.063126,-0.043784,-0.040862,-0.010195,0.002572,-0.006705,-0.03052,-0.012726,0.004565,-0.000325,0.004567,-0.002523,0.002126,0.010511,-0.00318,0.002013,0.0019,-0.006962,0.001567,-0.001635,-0.001075,-0.003474,0.002082
Excess_West-Iran:Syria_Ebla_EMBA:N,0.091472,0.148267,-0.064899,-0.095491,-0.014156,-0.03727,-0.003931,-0.007888,0.001097,0.00883,0.009551,-0.003515,0.008933,5e-05,-0.010833,0.002567,-0.001245,0.00015,0.00376,-0.000159,0.001032,0.005092,-0.001714,-0.001786,-0.00049
Steppe_MLBA:Kazakhstan_MLBA_KazakhMys:I4321__BC_1572__Cov_64.08%,0.113823,0.08632,0.057699,0.07429,-0.01231,0.029005,-0.000705,-0.002077,-0.023111,-0.034989,-0.000162,0.005545,-0.010258,-0.026561,0.030401,0.014054,-0.01004,-0.004814,-0.002137,-0.004127,-0.003119,0.007666,0.009367,0.017231,-0.005389
Steppe_MLBA:Kazakhstan_MLBA_KazakhMys:I4322__BC_1534__Cov_44.21%,0.119514,0.089367,0.058077,0.08398,0.004308,0.02259,0.00376,-0.004384,-0.013703,-0.037905,-0.002436,-0.000749,0.008622,-0.030552,0.02918,0.012198,-0.008475,-0.004054,-0.00352,-0.004877,-0.005366,-0.004451,0.004807,0.000602,-0.003473
Steppe_MLBA:Kazakhstan_MLBA_KazakhMys:I4782__BC_1659__Cov_66.95%,0.120652,0.097491,0.05506,0.10013,0.004924,0.028168,0.003995,0.005307,-0.018816,-0.036083,0.000974,-0.008243,-0.001635,-0.018854,0.018187,0.006762,-0.014864,-0.003421,0.005782,0.001,-0.004991,0.006183,-0.000493,0.00494,-0.005149
Steppe_MLBA:Kazakhstan_MLBA_KazakhMys:I4783__BC_1506__Cov_62.27%,0.122929,0.09546,0.050534,0.086241,-0.002154,0.036256,0.00094,0.006,-0.028224,-0.037176,-0.006171,0.001049,-0.002825,-0.026974,0.017915,0.011005,-0.00339,-0.002787,-0.007919,0.004877,-0.004243,-0.00272,0.005423,0.007712,-0.000359
Steppe_MLBA:Kazakhstan_Shoendykol_MLBA_Fedorovo:I10110__BC_1150__Cov_70.71%,0.133173,0.102568,0.055437,0.085918,0.012925,0.028726,-0.005405,0.008077,-0.014521,-0.031162,-0.005034,0.005995,-0.0055,-0.026424,0.023208,0.025722,0.005998,0,-0.002263,0.003752,-0.005615,0.007048,-0.010106,0.008435,0.003233
Steppe_MLBA:Kazakhstan_Shoendykol_MLBA_Fedorovo:I10111__BC_1446__Cov_71.27%,0.125205,0.092413,0.062979,0.077197,0.008309,0.030957,0.001175,0.000462,-0.016771,-0.042097,-0.004547,-0.0003,0.003271,-0.017203,0.022801,0.020817,0.002217,0.002787,-0.003897,0.004002,-0.010856,0.002473,0.009983,0.008555,-0.010538
Steppe_MLBA:Kazakhstan_Shoendykol_MLBA_Fedorovo:I10112__BC_1547__Cov_71.75%,0.118376,0.085304,0.055814,0.07106,-0.004924,0.017012,0.001175,-0.010153,-0.013703,-0.030069,-0.002111,0.001049,-0.012487,-0.028763,0.032301,0.004243,-0.013299,0.00152,0.004022,-0.008004,-0.017719,0.002844,0.000616,0.013014,-0.000718
Steppe_MLBA:Kazakhstan_Taldysay_MLBA1:I4787__BC_1266__Cov_67.46%,0.122929,0.094444,0.056945,0.091086,-0.004308,0.038487,0,0.003,-0.017998,-0.03827,0.001786,-0.003597,0.001041,-0.020919,0.031216,0.012994,-0.008996,-0.007475,0.000377,-0.00025,-0.002371,0.002349,0.002958,-0.000241,-0.007424
Steppe_MLBA:Kazakhstan_Taldysay_MLBA2:I4794__BC_1500__Cov_31.54%,0.106994,0.051792,0.018856,0.064277,-0.036314,0.022869,0.01034,0.000923,-0.032315,-0.0277,-0.002923,0.004046,0.007582,-0.022845,0.023344,0.029302,-0.00013,0.000127,0.002263,0.003877,-0.007612,0.005441,-0.000986,0.013616,-0.003712
Steppe_MLBA:Kazakhstan_MLBA_OyDzhaylau:I3788__BC_1586__Cov_25.90%,0.129758,0.069056,0.068259,0.111759,-0.016926,0.037929,-0.00329,-0.015692,-0.012885,-0.045012,0.014777,0.000599,0.001338,-0.029176,0.024837,0.007558,-0.012386,0.004434,0.006536,-0.004877,-0.011854,0.007419,0.009244,0,-0.010298
Steppe_MLBA:Kazakhstan_MLBA_OyDzhaylau:I3861__BC_1745__Cov_34.51%,0.12862,0.08632,0.061848,0.073967,0.004616,0.021475,0.011751,0.008769,-0.015339,-0.024784,-0.004222,-0.007343,0.005352,-0.029451,0.016422,0.029037,0.013821,-0.007221,-0.003771,0.003502,-0.001622,0.001978,-0.002218,0.012773,-0.006466
Steppe_MLBA:Kazakhstan_MLBA_OyDzhaylau:I4789__BC_1537__Cov_73.67%,0.117238,0.110693,0.055437,0.083011,0.003077,0.031236,0.00094,0.010384,-0.016566,-0.030798,-0.002598,0.004496,0.000595,-0.022983,0.029587,0.02254,0.006389,-0.001647,-0.006411,0.009004,0.000499,0.005317,0.003328,0.013496,-0.001676
Steppe_MLBA:Kazakhstan_MLBA_OyDzhaylau:I4790__BC_1475__Cov_72.43%,0.124067,0.089367,0.060716,0.08075,0,0.030678,-0.000705,0.011769,-0.003477,-0.028247,0.00065,-0.006894,0.004162,-0.019955,0.014251,0.008751,-0.009257,-0.003041,-0.004525,0.004252,-0.006239,0.007419,0.008997,0.003976,0.001916
Steppe_MLBA:Kazakhstan_MLBA_OyDzhaylau:I4791__BC_1499__Cov_10.53%,0.111547,0.098506,0.059962,0.083011,-0.004001,0.03514,-0.019741,0.007615,-0.024134,-0.03098,-0.008444,-0.013038,0.002527,-0.025598,0.017779,0.033678,0.01695,-0.004814,0.013701,-0.005002,-0.022211,-0.004699,0,0.019039,-0.012574
Steppe_MLBA:Kazakhstan_MLBA_OyDzhaylau:I7060__BC_1489__Cov_57.48%,0.125205,0.09546,0.048649,0.085272,0.003693,0.03263,0.006815,0.000923,-0.020861,-0.032438,0.002923,0.006145,-0.001189,-0.030277,0.02538,0.022142,-0.007432,0.002027,0.000754,-0.004377,-0.010357,-0.000124,0.006286,0.009519,0.003712
Steppe_MLBA:Kazakhstan_MLBA_OyDzhaylau_o:I3860__BC_1653__Cov_20.38%,0.1161,0.012186,0.068259,0.148258,-0.060627,0.030399,-0.032901,-0.03046,-0.038246,-0.069614,0.018675,-0.001948,0.024826,-0.054636,0.023615,0.026253,-0.01004,-0.003801,0.003268,-0.005253,-0.027951,0.008285,0.019227,0.015906,-0.00467
Steppe_MLBA:Kazakhstan_Dali_MLBA:I0507__BC_1718__Cov_74.49%,0.121791,0.055854,0.059208,0.097869,-0.023081,0.029005,-0.007285,0.006231,-0.030065,-0.038999,0.003248,-0.002098,0.000892,-0.018304,0.025515,-0.004773,-0.030249,0.007475,-0.002765,-0.001876,-0.006613,0.005441,0.002465,0.00723,0.001197
Steppe_MLBA:Kazakhstan_Dali_MLBA:I1931__BC_1393__Cov_25.75%,0.122929,0.074134,0.038843,0.083011,-0.012925,0.022869,-0.00705,0.000231,-0.024134,-0.041368,0.008607,-0.004496,-0.000446,-0.014175,0.027551,0.008751,-0.007562,-0.001647,0.006788,0.002876,-0.00836,-0.000618,0.008751,0.005181,-0.00479
Steppe_MLBA:Kazakhstan_Dali_MLBA:I3448__BC_1750__Cov_28.08%,0.121791,0.099522,0.04978,0.092055,0.000308,0.03765,-0.00141,0.002308,-0.021066,-0.04319,-0.002761,0.004646,-0.006244,-0.034268,0.021851,0.01538,0.005476,0.009375,0.00352,0.004752,-0.001747,0.007296,0.011462,0.007109,-0.005628
Steppe_MLBA:Russia_MLBA_Sintashta:I0939__BC_1875__Cov_42.94%,0.132035,0.11577,0.057699,0.082365,0.017849,0.035698,0.00705,0.001154,-0.024543,-0.040821,-0.004872,0.008093,-0.010258,-0.018441,0.027416,0.009414,-0.003912,-0.000507,0.003268,0.006503,-0.009733,0.000742,0.000986,0.017472,-0.002036
Steppe_MLBA:Russia_MLBA_Sintashta:I0940__BC_1875__Cov_11.64%,0.117238,0.102568,0.063733,0.081073,-0.012002,0.042112,0.011751,-0.000231,-0.004295,-0.036447,0.000812,0.002098,-0.023488,-0.034268,0.02158,0.022275,-0.001825,-0.013176,-0.000251,0.003877,-0.001497,-0.006059,-0.007025,0.005181,0.002994
Steppe_MLBA:Russia_MLBA_Sintashta:I0942__BC_1875__Cov_12.76%,0.119514,0.126941,0.070899,0.080427,0.008001,0.023706,0.020446,0.009,-0.015748,-0.018953,-0.01088,-0.001499,-0.006392,-0.040323,0.017915,0.030893,0.012386,0.00228,0.004777,-0.011631,-0.001123,0.008903,0.008997,0.00253,-0.017244
Steppe_MLBA:Russia_MLBA_Sintashta:I0943__BC_1875__Cov_61.18%,0.122929,0.119832,0.068636,0.072998,0.010463,0.026216,0.008695,0.007384,-0.009408,-0.019317,-0.000162,0.008243,0.004608,-0.007156,0.028094,-0.003447,-0.025164,0.002534,-0.004148,-0.004627,-0.00262,-0.000495,-0.006779,0.003133,0.000838
Steppe_MLBA:Russia_MLBA_Sintashta:I0984__BC_1920__Cov_58.39%,0.124067,0.118817,0.058831,0.078489,0.019696,0.031236,0.00188,0.000923,-0.020452,-0.031891,0.001786,0,-0.006392,-0.01156,0.011943,0.004375,-0.00665,0.003421,-0.004022,0.002251,-0.00574,0.001237,0.006039,0.006266,-0.00455
Steppe_MLBA:Russia_MLBA_Sintashta:I0986__BC_1875__Cov_11.19%,0.133173,0.109677,0.059208,0.09044,0.007386,0.023706,0.00987,0.005538,-0.016157,-0.03098,-0.001624,0.015586,-0.01442,-0.016377,0.021444,0.017634,0.01017,0.00076,-0.005656,0.003001,-0.015597,0.005193,-0.000493,0.020846,-0.015208
Steppe_MLBA:Russia_MLBA_Sintashta:I0989__BC_1875__Cov_19.02%,0.127482,0.117801,0.056945,0.082688,0.008309,0.024263,-0.001175,0.004846,-0.028633,-0.033714,0.003248,-0.010341,-0.003271,-0.013625,0.016422,0.021612,-0.003129,0.004054,-0.003645,0.008129,0.004118,-0.002226,0.010106,-0.005061,-0.000599
Steppe_MLBA:Russia_MLBA_Sintashta:I1008__BC_1875__Cov_26.48%,0.138864,0.120848,0.059962,0.086887,0.002154,0.031794,0.011516,0.006692,-0.023929,-0.034989,-0.008931,0.001948,-0.005798,-0.024359,0.029723,-0.015248,-0.031553,0.00114,-0.004022,-0.004752,-0.003868,-0.001607,0.002218,0.015062,0.008861
Steppe_MLBA:Russia_MLBA_Sintashta:I1011__BC_1875__Cov_74.33%,0.124067,0.116786,0.053551,0.076228,0.019388,0.025937,0.00423,0.006,-0.016566,-0.024237,-0.006983,0.00015,-0.004757,-0.025185,0.019679,0.021745,0.010691,0.00266,-0.002514,-0.00075,-0.004367,0.00136,0.003944,0.009881,-0.007185
Steppe_MLBA:Russia_MLBA_Sintashta:I1012__BC_1875__Cov_25.01%,0.120652,0.118817,0.055437,0.083334,0.01231,0.039881,0.006815,0.004384,-0.006545,-0.019864,0.000325,-0.001649,0.010704,-0.014038,0.014794,0.007425,-0.022296,0.003801,0.008422,0.002376,0.011355,0.005935,0.00456,0,-0.003113
Steppe_MLBA:Russia_MLBA_Sintashta:I1018__BC_1875__Cov_28.49%,0.122929,0.111708,0.062225,0.080104,0.007386,0.020917,0.005875,0.006231,-0.009204,-0.024237,-0.007957,-0.003597,0.011744,-0.014175,0.022665,0.014054,-0.011995,0.004307,0.002891,-0.00988,0.000998,0.001607,0.007025,0.006266,-0.012454
Steppe_MLBA:Russia_MLBA_Sintashta:I1019__BC_1875__Cov_33.53%,0.122929,0.122879,0.051666,0.069122,0.009232,0.018686,0.00658,0.002538,-0.022702,-0.026971,-0.000974,-0.002698,-0.008325,-0.029314,0.024565,0.027446,0.01369,-0.000887,-0.00088,0.009755,-0.015597,0.000989,-0.006039,0.01446,-0.007065
Steppe_MLBA:Russia_MLBA_Sintashta:I1022__BC_1875__Cov_18.79%,0.125205,0.113739,0.060339,0.070737,0.004308,0.041834,0.006345,0.001154,-0.02168,-0.033531,-0.001949,0.005845,-0.006244,-0.01734,0.029723,0.016706,-0.008605,-0.003294,0.003771,0.004877,0.001622,-0.011994,0.002588,0.003856,-0.000838
Steppe_MLBA:Russia_MLBA_Sintashta:I1024__BC_1875__Cov_41.12%,0.133173,0.112724,0.064111,0.072998,0.016311,0.03263,0.00611,0.013846,-0.005522,-0.021868,-0.004709,0.007793,-0.006392,-0.023946,0.015472,0.011005,0.007953,-0.003421,0.001634,0.001751,-0.009608,0.006677,-0.00493,-0.000241,-0.003712
Steppe_MLBA:Russia_MLBA_Sintashta:I1027__BC_1883__Cov_84.38%,0.122929,0.132019,0.05506,0.079458,0.004616,0.03263,0.002115,0.002769,-0.010431,-0.026242,-0.002436,0.001798,-0.002973,-0.01968,0.021715,0.005304,-0.009257,0.007095,-0.001006,-0.002001,-0.000873,0.002226,0.007518,0.004097,-0.008263
Steppe_MLBA:Russia_MLBA_Sintashta:I1029__BC_1880__Cov_50.36%,0.124067,0.112724,0.061471,0.087856,0.015387,0.034025,0.006345,0.003692,-0.022702,-0.030798,-0.001624,-0.005845,0.003568,-0.028075,0.025515,0.02254,0.003129,-0.000887,-0.002388,-0.006878,-0.008859,0.005564,0.001725,0.019039,-0.001197
Steppe_MLBA:Russia_MLBA_Sintashta:I1053__BC_1835__Cov_73.69%,0.134311,0.119832,0.056191,0.068153,0.01908,0.026216,0.003525,0.005769,-0.01493,-0.029704,-0.000487,0.006145,-0.005352,-0.022295,0.016558,0.017502,0.010691,-0.005321,0.001006,-0.004252,-0.00262,0.002473,0.003081,-0.001446,-0.008382
Steppe_MLBA:Russia_MLBA_Sintashta:I1054__BC_1815__Cov_71.97%,0.122929,0.117801,0.056945,0.072998,0.013233,0.031794,0.00094,0.003923,-0.015339,-0.016766,-0.006496,0.004496,-0.00996,-0.024497,0.014794,0.025325,0.011995,-0.004687,-0.003771,-0.010505,-0.007861,0.001731,0.002711,0.003976,-0.008263
Steppe_MLBA:Russia_MLBA_Sintashta:I1055__BC_1875__Cov_27.59%,0.127482,0.118817,0.045632,0.077843,0.008925,0.034582,0.003525,-0.003461,-0.017794,-0.034989,-0.010068,0,-0.013231,-0.022157,0.024973,0.016971,-0.004042,-0.007095,-0.003897,0.002376,-0.019091,0.002844,0.005546,0.015303,0.002395
Steppe_MLBA:Russia_MLBA_Sintashta:I1060__BC_1875__Cov_13.77%,0.119514,0.114755,0.064865,0.092378,0.013849,0.014781,0.014571,0.010846,-0.012885,-0.024237,-0.017213,-0.002847,-0.001041,-0.006331,0.029044,0.008088,-0.012126,-0.004687,0.001006,0.004377,-0.004991,-0.004699,0.013927,-0.001084,-0.003353
Steppe_MLBA:Russia_MLBA_Sintashta:I1061__BC_1875__Cov_19.28%,0.130897,0.118817,0.051666,0.079458,0.006463,0.041555,-0.00188,0.001154,-0.022907,-0.034989,0.005034,-0.008393,0.00223,-0.031516,0.023751,0.021082,-0.00352,-0.007095,0.001885,-0.005503,-0.004991,-0.005317,0.009737,0.006627,-0.006466
Steppe_MLBA:Russia_MLBA_Sintashta:I1062__BC_1875__Cov_14.69%,0.125205,0.121864,0.051666,0.071383,0.012618,0.028726,-0.00564,0.004154,-0.022293,-0.030798,-0.00065,-0.005095,-0.004014,-0.030139,0.032573,0.029965,0.019036,-0.003294,0.014832,0.006628,-0.017719,0.002473,0.006779,0.011809,-0.013532
Steppe_MLBA:Russia_MLBA_Sintashta:I1063__BC_1875__Cov_42.93%,0.121791,0.096475,0.043369,0.059432,0.009848,0.028447,0.00282,0.006231,-0.019225,-0.019864,0.004384,0.000599,-0.001338,-0.003853,0.016151,0.004375,-0.02373,0.004434,0.001257,-0.006253,-0.001996,0.003091,0.004683,0.001325,-0.006227
Steppe_MLBA:Russia_MLBA_Sintashta:I1064__BC_1789__Cov_71.53%,0.125205,0.107646,0.068636,0.083011,0.018773,0.034582,-0.004935,-0.003,-0.013499,-0.02606,-0.002273,0.001649,-0.001933,-0.02257,0.031487,0.011933,-0.014733,0.000127,-0.006411,0.001626,-0.005116,0.006306,-0.004683,0.00735,0.00012
Steppe_MLBA:Russia_MLBA_Sintashta:I1065__BC_1875__Cov_14.58%,0.125205,0.11577,0.050157,0.059755,0.001539,0.03012,0.00611,0.002769,-0.02352,-0.02442,-0.008931,0.009442,-0.013825,-0.026286,0.019408,0.014452,0.013038,0.010008,-0.004525,0.004377,-0.01435,0.010263,0.000616,0.001205,0
Steppe_MLBA:Russia_MLBA_Sintashta:I1082__BC_1875__Cov_25.07%,0.1161,0.108662,0.063356,0.083011,0.011079,0.027331,0.00517,0.002308,-0.025156,-0.031527,-0.006496,0.00015,0.000743,-0.02257,0.025515,0.010872,-0.007302,0.008868,-0.006662,0.004127,-0.007237,0.00507,-0.003451,0.011447,0.007424
Steppe_MLBA:Russia_MLBA_Sintashta:I1084__BC_1875__Cov_22.82%,0.127482,0.126941,0.060339,0.07752,0.020311,0.016733,0.00752,0.000692,-0.007976,-0.020775,-0.003085,0.012439,-0.001933,-0.029589,0.025515,-0.001061,-0.022035,-0.004181,-0.005028,-0.003877,-0.005865,0.002597,0.005176,0.005422,0.002036
Steppe_MLBA:Russia_MLBA_Sintashta:I1086__BC_1875__Cov_39.63%,0.130897,0.109677,0.062225,0.075582,0.013849,0.022032,0.016451,0.003,-0.024134,-0.024237,0.001461,0.002997,0.004757,-0.017753,0.019951,0.005038,-0.005998,-0.005448,-0.007793,-0.001376,-0.004991,-0.003833,-0.001972,0.005061,-0.003113
Steppe_MLBA:Russia_MLBA_Sintashta:I1088__BC_1875__Cov_22.28%,0.120652,0.106631,0.050157,0.090117,0.010156,0.032072,0.002115,0.008307,-0.013908,-0.040639,0.007795,-0.010641,0.013825,-0.027387,0.021987,0.020021,-0.000391,0.005321,-0.00352,-0.005378,-0.013601,0.002473,-0.006039,0.012291,-0.002036
Steppe_MLBA:Russia_MLBA_Sintashta:I1089__BC_1875__Cov_72.04%,0.125205,0.116786,0.051288,0.08398,0.012925,0.028447,0.006345,0.006923,-0.014726,-0.032802,0.001949,0.003747,0,-0.023946,0.022937,0.024529,0.004694,-0.00266,-0.000251,0.001501,-0.004866,0.002102,0.000986,0.004338,-0.003473
Steppe_MLBA:Russia_MLBA_Sintashta:I1090__BC_1875__Cov_42.34%,0.12862,0.126941,0.053551,0.076874,0.010771,0.031236,0.00893,0.005077,-0.018816,-0.024602,0.007632,-0.001049,-0.003271,-0.021194,0.026737,-0.00411,-0.018123,-0.001014,0.003394,0.000375,-0.010107,0.00136,0.004683,0.004579,0.001197
Steppe_MLBA:Russia_MLBA_Sintashta:I7480__BC_1875__Cov_74.61%,0.124067,0.117801,0.054305,0.086564,0.007078,0.032909,0.007285,0.003923,-0.016771,-0.030069,-0.000487,0.003597,0.003271,-0.025735,0.022665,0.002387,-0.021253,-0.000887,0.007668,-0.007003,0.000749,0.003339,0.003697,0.006025,-0.002634
Steppe_MLBA:Russia_MLBA_Sintashta:RISE386__BC_2197__Cov_26.36%,0.10927,0.119832,0.051666,0.076551,0.004924,0.016176,0.00376,0.001154,-0.020861,-0.030251,0.003573,0.007643,-0.005649,-0.027249,0.023615,0.017634,-0.005998,0.005701,-0.012318,0.00963,-0.003244,0.001484,0.010846,0.008676,0.001317
Steppe_MLBA:Russia_MLBA_Sintashta:RISE392__BC_1993__Cov_44.03%,0.122929,0.111708,0.054682,0.076228,0.017849,0.031236,0.004935,-0.003,-0.019021,-0.023873,0.00341,0.004046,-0.003419,-0.026286,0.021308,0.023999,0.004172,0.002787,-0.004902,0.012381,-0.019715,-0.001978,0.005916,0.01687,-0.005269
Steppe_MLBA:Russia_MLBA_Sintashta:RISE394__BC_1853__Cov_28.24%,0.113823,0.119832,0.063356,0.072998,0.015695,0.031236,0.00517,0.005077,-0.011249,-0.025331,-0.001949,-0.008692,-0.012487,-0.033167,0.024158,0.033943,0.014342,0.004561,0.000126,0.007879,-0.006988,0.005564,-0.008011,0.001928,-0.006227
Steppe_MLBA:Russia_MLBA_Sintashta:RISE395__BC_1865__Cov_74.43%,0.118376,0.12491,0.062602,0.073321,0.014464,0.032072,0.00799,0.012692,-0.012067,-0.02041,0.002761,0.006894,-0.006392,-0.018717,0.015472,0.014187,-0.003781,0.000127,0,0.000625,-0.005366,0.005812,0.001479,0.003494,-0.00467
Steppe_MLBA:Kazakhstan_Andronovo:DA231__BC_1489__Cov_34.43%,0.112685,0.093429,0.064111,0.069445,-0.005539,0.029005,0.014336,0.006231,-0.01718,-0.028976,0.010068,0.003147,-0.008325,-0.021607,0.021715,0.008618,-0.007953,0.006461,-0.005028,-0.004002,-0.000873,0.007048,0.003328,0.016147,-0.000838
Steppe_MLBA:Russia_Andronovo:RISE500__BC_1600__Cov_75.73%,0.122929,0.099522,0.054305,0.081719,0.005539,0.036814,0.00611,0.004615,-0.016975,-0.037176,-0.000974,-0.003447,-0.012933,-0.039911,0.036509,0.007425,-0.00013,-0.005574,-0.003142,0.002501,-0.02009,0.00507,-0.010846,0.018436,-0.021076
Steppe_MLBA:Russia_Andronovo:RISE503__BC_1597__Cov_56.78%,0.124067,0.112724,0.049403,0.078812,0.011079,0.029284,-0.002115,-0.002538,-0.02168,-0.02934,-0.006008,-0.003297,0.004906,-0.015689,0.029316,0.014452,-0.007693,0.00114,0.002514,0.00025,-0.004617,0.003215,-0.008751,0.011929,-0.000958
Steppe_MLBA:Russia_Andronovo:RISE505__BC_1678__Cov_97.45%,0.121791,0.09546,0.053174,0.085595,0.002154,0.033467,0.00846,-0.001385,-0.012067,-0.031709,-0.003897,-0.002548,0.004608,-0.020506,0.021037,-0.002387,-0.024121,0.000253,0.000754,-0.006378,-0.007986,0.004575,-0.005669,0.006266,-0.005269
Steppe_MLBA:Russia_BA_SrubnayaAlakul:b1-2__BC_1790__Cov_unknown,0.118376,0.100537,0.055814,0.099161,0.017234,0.034304,0.001645,0.003231,-0.025975,-0.043554,-0.000162,0.002847,0.002527,-0.020368,0.027823,0.013789,0.000652,0.002154,0.001634,0.012256,0.009858,0.002102,0.003944,-0.002048,-0.002515
Steppe_MLBA:Russia_BA_SrubnayaAlakul:b2a-1__BC_1783__Cov_unknown,0.119514,0.1046,0.059585,0.095931,0.001231,0.037371,0.008695,0.006692,-0.037428,-0.051391,-0.006333,0.005095,-0.002973,-0.021194,0.033251,0.013126,-0.006389,0.003547,0.002011,0.004252,-0.005865,0.001978,0.0053,0.019159,-0.005628
Steppe_MLBA:Russia_BA_SrubnayaAlakul:b2a-2__BC_1832__Cov_unknown,0.124067,0.113739,0.061471,0.080104,0.013541,0.023427,0.00987,0.006692,-0.006954,-0.027518,0.004709,0.001948,-0.006244,-0.022708,0.022665,0.023999,0.007562,-0.003927,0.002765,-0.0005,-0.005241,0.006554,0.000616,0.006145,-0.004191
Steppe_MLBA:Russia_BA_SrubnayaAlakul:b4-1__BC_1775__Cov_unknown,0.117238,0.101553,0.063733,0.079781,0.011694,0.035698,0.000705,0.003461,-0.030474,-0.036447,0.002923,0.006744,0.002379,-0.015138,0.027823,-0.003978,-0.01343,0.00076,0.00176,0.009004,0.000624,0,0.002958,0.005904,0.002634
Steppe_MLBA:Russia_BA_SrubnayaAlakul:b6-1__BC_1764__Cov_unknown,0.122929,0.102568,0.0445,0.099484,-0.004001,0.027889,0.005875,0.005538,-0.032519,-0.044466,-0.00682,-0.00045,-0.003568,-0.018717,0.02443,0.005834,-0.010561,0.003927,-0.00088,0.003126,-0.001622,0.004451,0.00456,0.005784,-0.001557
Steppe_MLBA:Russia_BA_SrubnayaAlakul:b7-1__BC_1749__Cov_unknown,0.120652,0.105615,0.055437,0.097869,0.010771,0.034861,0.00329,0.002769,-0.026793,-0.045923,-0.008444,0.005995,-0.006838,-0.018441,0.029587,0.016176,0.00665,0.00038,-0.004022,0.006003,-0.00836,0.01014,0.006409,0.00241,-0.000359
Steppe_MLBA:Russia_BA_SrubnayaAlakul:b8-1__BC_1771__Cov_unknown,0.119514,0.110693,0.059585,0.089794,0.006155,0.033188,0.00658,0.003692,-0.026997,-0.045377,0,-0.001049,-0.000892,-0.010735,0.032301,-0.006364,-0.018515,-0.000253,0.001131,0.006503,-0.012353,0.008532,0.000739,0.006989,-0.005389
Steppe_MLBA:Russia_BA_SrubnayaAlakul:b8-2__BC_1759__Cov_unknown,0.119514,0.113739,0.052797,0.07429,0.011694,0.028726,0.001175,0.007384,-0.016362,-0.026606,-0.00341,-0.001798,-0.002527,-0.010322,0.025651,0.002652,-0.019949,0.000887,0.003897,-0.006628,-0.010232,0.007048,0.002218,0.005543,0.002515
Steppe_MLBA:Russia_BA_SrubnayaAlakul:b10-2__BC_1781__Cov_unknown,0.111547,0.080227,0.038089,0.084949,-0.027082,0.034304,-0.002115,-0.004154,-0.038041,-0.041003,0.003573,0.001049,-0.005054,-0.023533,0.02538,0.012596,0.002738,0.002407,0.003645,-0.001751,-0.004991,-0.003957,0.000123,0.009037,-0.00455
Steppe_MLBA:Russia_BA_SrubnayaAlakul:b13-1__BC_1785__Cov_unknown,0.124067,0.098506,0.051288,0.10013,0.001846,0.028168,0.003995,-0.002538,-0.030883,-0.044101,-0.001949,-0.00015,-0.002527,-0.016928,0.034066,0.020817,0.005607,-0.005701,-0.007793,0.007879,-0.005615,0.008161,-0.001972,0.010001,-0.005508
Steppe_MLBA:Russia_BA_SrubnayaAlakul:b17-1__BC_1775__Cov_unknown,0.120652,0.1046,0.055437,0.09367,0.001846,0.040439,-0.002115,0.008077,-0.024952,-0.037176,-0.011205,0.004796,-0.007582,-0.016102,0.028908,0.002387,-0.0236,-0.002154,-0.001634,-0.00075,-0.006114,0.006059,0.002465,0.013014,-0.007065
Steppe_MLBA:Russia_BA_SrubnayaAlakul:b22-1__BC_1787__Cov_unknown,0.125205,0.108662,0.059585,0.092378,-0.003693,0.033188,0.00141,0.005538,-0.023111,-0.043737,0.001137,-0.004346,0.001487,-0.024497,0.024294,0.020949,-0.005346,0,-0.004651,0.002626,-0.005615,0.008532,0.008011,0.01699,-0.001317
Steppe_MLBA:Russia_BA_SrubnayaAlakul:b24-1__BC_1775__Cov_unknown,0.121791,0.11577,0.045254,0.081073,0.003077,0.033746,0.007285,0.001615,-0.02127,-0.04483,0.000162,-0.004196,0.000892,-0.017616,0.029723,0.021745,-0.008996,0.005954,-0.014204,0.002376,0.004866,-0.004822,-0.005176,0.008676,-0.003113
Steppe_MLBA:Russia_BA_SrubnayaAlakul:b25-1__BC_1754__Cov_unknown,0.125205,0.108662,0.058454,0.086241,0.009232,0.032072,0.00517,0.003231,-0.019839,-0.036447,-0.00682,0.003597,-0.005649,-0.02202,0.029451,0.01896,0.003651,0.00266,-0.004651,0.002751,-0.011355,0.007172,0.002218,0.005904,0.00012
Steppe_MLBA:Russia_BA_SrubnayaAlakul:b26-1__BC_1767__Cov_unknown,0.122929,0.117801,0.057699,0.084626,0.016003,0.034025,0.0047,0.008769,-0.020657,-0.036812,-0.002923,-0.0003,-0.001338,-0.015689,0.024565,0.017237,0.004563,-0.004054,-0.001885,0.005753,-0.002496,0.004328,0.00493,0.015424,-0.007544
Steppe_MLBA:Russia_BA_SrubnayaAlakul:b27-1__BC_1784__Cov_unknown,0.125205,0.098506,0.057322,0.098515,0.01231,0.034861,0.00423,0.007154,-0.028633,-0.038816,-0.001461,0.005395,-0.004014,-0.022295,0.025651,0.018695,-0.00339,0.000253,0.000126,0.01113,0.001373,0.001607,0.005176,0.003615,-0.00012
Steppe_MLBA:Russia_BA_SrubnayaAlakul:b28-1__BC_1747__Cov_unknown,0.122929,0.107646,0.051288,0.086564,0.005539,0.040997,0.000705,0.006923,-0.040291,-0.042643,0.002598,0.005395,-0.002825,-0.01968,0.031216,0.015115,-0.003129,-0.002407,-0.002263,0.009129,0.004118,-0.001731,0.0053,0.013496,-0.003952
Steppe_MLBA:Russia_BA_SrubnayaAlakul:b28-2__BC_1790__Cov_unknown,0.111547,0.070072,0.024513,0.088179,-0.036622,0.033746,-0.00517,-0.011769,-0.028838,-0.040274,0.004222,-0.00045,-0.002379,-0.035507,0.020222,0.021745,0.009257,0.003547,-0.000754,-0.002876,-0.013975,-0.007914,0.000493,0.002048,0.00012
Steppe_MLBA:Russia_BA_SrubnayaAlakul:b30-1__BC_1784__Cov_unknown,0.117238,0.097491,0.052797,0.104006,-0.008925,0.04016,0.00423,-0.000462,-0.042745,-0.060138,-0.002761,0.005245,-0.004311,-0.018441,0.038002,0.025059,0.007432,0.000633,-0.006913,0.007754,-0.004617,0.000124,0.005793,0.022051,-0.003113
Steppe_MLBA:Russia_BA_SrubnayaAlakul:b31-1__BC_1786__Cov_unknown,0.125205,0.1046,0.063733,0.094316,0.002154,0.032351,0.007755,0.000692,-0.030065,-0.036994,-0.002273,0.002548,-0.003717,-0.018029,0.030944,0.016043,-0.007041,0.001774,-0.006788,0.01038,0.009858,0.011005,0.000616,0.006145,0
Steppe_MLBA:Russia_BA_SrubnayaAlakul:b32-1__BC_1755__Cov_unknown,0.126344,0.098506,0.052797,0.088502,0.003385,0.036814,0.000235,0,-0.042745,-0.043919,-0.000812,0.005545,-0.003271,-0.018579,0.03393,0.003182,-0.011474,-0.00152,-0.001885,-0.001251,-0.002745,0.000124,0.003697,0.01458,-0.005149
Steppe_MLBA:Russia_BA_SrubnayaAlakul:b32-2__BC_1786__Cov_unknown,0.119514,0.110693,0.061848,0.095285,0.014464,0.041555,0.00893,0.011538,-0.02168,-0.031345,0.003735,-0.00045,-0.004757,-0.011285,0.026465,0.003713,-0.015646,-0.002787,0.009427,0.012006,0.010731,0.001237,0.003081,-0.005663,0.007544
Steppe_MLBA:Russia_BA_SrubnayaAlakul:b33-1__BC_1757__Cov_unknown,0.125205,0.118817,0.059962,0.081719,0.00677,0.038766,0.006345,0.005538,-0.024952,-0.030433,-0.000325,0.003147,0.002081,-0.016928,0.021444,0.002254,-0.024251,0.000507,0.000754,-0.003252,-0.001497,0.005688,0.003081,0.010001,-0.000239
Steppe_MLBA:Russia_BA_SrubnayaAlakul:j3-1__BC_1759__Cov_unknown,0.119514,0.110693,0.054682,0.083334,-0.000923,0.028726,0.003525,0.005307,-0.030065,-0.037358,0.001299,0.002997,-0.009812,-0.030002,0.034744,0.020419,0.006258,-0.000887,-0.002137,0.0005,-0.002121,0.014096,0.002711,0.011568,-0.006107
Steppe_MLBA:Russia_BA_SrubnayaAlakul:j6-1__BC_1775__Cov_unknown,0.125205,0.113739,0.053174,0.078489,0.007078,0.026774,-0.00141,0.001385,-0.026179,-0.03426,0.002598,0.00045,-0.003122,-0.024084,0.027008,0.018032,-0.000261,-0.000507,-0.007165,0.01113,-0.01148,0.005193,0.005546,0.011447,-0.006945
Steppe_MLBA:Russia_BA_SrubnayaAlakul:j9-1__BC_1786__Cov_unknown,0.127482,0.112724,0.054682,0.080427,0.014156,0.028447,-0.002115,0.003231,-0.013908,-0.026242,0.003573,-0.006594,-0.005798,-0.024497,0.026737,0.011403,-0.000522,-0.00152,-0.002765,0.006128,-0.003868,0.010387,-0.001109,0.017231,-0.009819
Steppe_MLBA:Russia_BA_SrubnayaAlakul:j11-1__BC_1775__Cov_unknown,0.121791,0.106631,0.059208,0.094639,0.000308,0.037092,0.00282,0.007154,-0.024952,-0.035718,-0.011854,0.003147,-0.008176,-0.016377,0.032709,0.001724,-0.022165,0.001014,-0.000126,-0.000125,-0.006863,0.000495,-0.000123,0.012893,-0.00491
Steppe_MLBA:Russia_BA_SrubnayaAlakul:j15-1__BC_1781__Cov_unknown,0.124067,0.118817,0.058831,0.086564,0.017542,0.026495,0.002115,-0.000692,-0.01309,-0.020593,0.00065,0.004346,-0.002379,-0.019267,0.018458,0.023336,0.008736,-0.006334,0.007542,0.004502,-0.008859,0.000495,-0.00037,0.008194,0.002395
Steppe_MLBA:Russia_BA_SrubnayaAlakul:b3-1__BC_1775__Cov_unknown,0.121791,0.100537,0.050911,0.079781,0.007694,0.037092,0.002115,-0.006231,-0.019021,-0.019135,-0.002598,0.002398,-0.013677,-0.030002,0.021308,0.013789,0.007171,-0.000633,-0.013701,0.009755,-0.004866,-0.000742,0.000246,0.008194,-0.012693
Steppe_MLBA:Russia_LBA_Srubnaya:I0232__BC_1525__Cov_94.34%,0.12862,0.11577,0.056568,0.084303,0.010156,0.034304,0.00799,0.009,-0.021066,-0.034989,-0.001786,0.001649,-0.003271,-0.017478,0.016829,0.005038,-0.019949,-0.002787,0.006411,-0.002501,-0.003868,0.004451,0.00037,0.005784,0.002634
Steppe_MLBA:Russia_LBA_Srubnaya:I0234__BC_1725__Cov_38.64%,0.127482,0.116786,0.062225,0.07106,0,0.027889,0.010105,0.008307,-0.029656,-0.032438,0.001949,0.0003,0.002825,-0.017891,0.017779,0.021347,-0.000391,0.003927,-0.009302,0.003752,0.008235,0.013231,-0.001725,0.017593,-0.002634
Steppe_MLBA:Russia_LBA_Srubnaya:I0235__BC_1725__Cov_34.90%,0.124067,0.108662,0.053551,0.073967,0.008001,0.026495,-0.007285,-0.000923,-0.012067,-0.0277,-0.004547,0.007943,-0.008474,-0.010322,0.017101,0.000796,-0.022556,0.007728,-0.002514,0.01138,-0.004243,0.009274,-0.002218,0.006989,-0.002155
Steppe_MLBA:Russia_LBA_Srubnaya:I0358__BC_1769__Cov_34.96%,0.120652,0.11577,0.057322,0.08075,0.011079,0.028168,0.0094,-0.000692,-0.015544,-0.027882,0.00682,0.010341,-0.00773,-0.017478,0.018865,0.013392,-0.012126,-0.000253,0.001634,-0.001626,0.006114,0.004204,0.012325,-0.003133,-0.006347
Steppe_MLBA:Russia_LBA_Srubnaya:I0359__BC_1525__Cov_75.25%,0.130897,0.119832,0.055814,0.074613,0.022158,0.029562,0.006345,0.006923,-0.012476,-0.027518,-0.005846,0.000599,-0.000297,-0.010322,0.018187,-0.003315,-0.02047,-0.000633,0.007668,-0.002501,-0.001373,0.003091,-0.008011,0.007591,-0.002155
Steppe_MLBA:Russia_LBA_Srubnaya:I0360__BC_1850__Cov_9.59%,0.125205,0.075149,0.050534,0.122095,-0.02739,0.053547,-0.00987,-0.023768,-0.00409,-0.062689,0.008607,-0.002398,0.005649,-0.047205,0.021037,0.005304,0.000391,0.00152,0.010056,0.001626,-0.010981,0.017559,-0.005053,0.007712,0.003113
Steppe_MLBA:Russia_LBA_Srubnaya:I0361__BC_1525__Cov_47.03%,0.118376,0.112724,0.058831,0.083011,-0.002462,0.041555,0.007285,0.010615,-0.020043,-0.030798,0.004547,0.002698,0.001041,-0.022295,0.022394,0.004906,-0.024121,-0.004181,-0.008045,0.002126,-0.003244,0.003215,-0.007395,0.005061,0.002994
Steppe_MLBA:Russia_LBA_Srubnaya:I0421__BC_1725__Cov_16.51%,0.124067,0.11577,0.051666,0.083334,0.024004,0.031794,-0.00423,0.009923,-0.00859,-0.02934,0.006333,0.007493,0.003122,-0.019405,0.033523,0.023203,0.015125,0.006588,0.001257,0.00988,-0.001497,0.003586,0.004683,0.013496,0.005029
Steppe_MLBA:Russia_LBA_Srubnaya:I0422__BC_1525__Cov_76.14%,0.122929,0.106631,0.05506,0.095285,-0.007078,0.034582,0.0047,0.004615,-0.02127,-0.045559,-0.000487,-0.003897,-0.005649,-0.012524,0.028366,0.003315,-0.017341,-0.002154,-0.000126,0.003377,-0.003993,0.001731,0.000246,0.007109,-0.000958
Steppe_MLBA:Russia_LBA_Srubnaya:I0423__BC_1525__Cov_41.60%,0.122929,0.119832,0.068259,0.08075,0.015695,0.029284,0.00705,0.007846,-0.016157,-0.034078,0.002436,-0.002248,-0.007284,-0.016239,0.035694,0.005171,-0.018515,0.004307,-0.000251,-0.007253,-0.006239,-0.000618,0.003451,0.001205,0.003592
Steppe_MLBA:Russia_LBA_Srubnaya:I0424__BC_1725__Cov_52.90%,0.12862,0.119832,0.054305,0.085918,0.000615,0.038766,0.00329,0.007846,-0.022702,-0.035536,-0.00406,0,0.000892,-0.012248,0.023208,0.000133,-0.022165,0.002407,0.000754,0.0005,-0.008485,0.002597,-0.003081,0.010242,0.002994
Steppe_MLBA:Russia_LBA_Srubnaya:I0430__BC_1725__Cov_83.32%,0.125205,0.117801,0.046386,0.078812,0.016311,0.028726,0.00423,0.000692,-0.013703,-0.023326,-0.00406,-0.006594,0.00773,-0.01734,0.029316,0.02148,0.01004,-0.00228,0.008547,0.004252,-0.004617,0.010634,-0.002958,0.004579,-0.001437
Steppe_MLBA:Russia_LBA_Srubnaya:I0431__BC_1725__Cov_22.00%,0.125205,0.109677,0.04978,0.07752,0.006155,0.037371,-0.001645,-0.005307,-0.024952,-0.025513,0.000812,0.006594,-0.001189,-0.018579,0.030944,0.019491,0.003651,0.000127,0.005028,0.000375,-0.006489,0.001855,-0.010846,0.017352,-0.002634
Steppe_MLBA:Russia_LBA_Srubnaya_Alakul:kzb001__BC_1640__Cov_12.92%,0.118376,0.091398,0.052043,0.076228,0.027082,0.025658,0.013161,-0.006461,0.002045,-0.023326,-0.014128,-0.002997,-0.004906,-0.015414,0.028501,0.015646,0,0.001014,0.007416,0.008379,0.00861,0.016569,-0.012078,0.006989,0.00012
Steppe_MLBA:Russia_LBA_Srubnaya_Alakul:kzb002__BC_1754__Cov_87.14%,0.136588,0.097491,0.056191,0.100776,-0.008309,0.034861,0.005405,0.001846,-0.028429,-0.04319,-0.000487,0.000899,0.000743,-0.019955,0.024158,0.011933,-0.007041,-0.000633,0.005405,0,-0.004866,0.002844,0.008997,-0.000843,-0.001916
Steppe_MLBA:Russia_LBA_Srubnaya_Alakul:kzb003__BC_1703__Cov_6.45%,0.133173,0.121864,0.039598,0.082365,-0.00277,0.032072,0.015041,0.008538,0.000818,-0.026789,0.004222,-0.010491,-0.000446,-0.039911,0.024701,0.002121,-0.014864,0.001774,-0.004651,-0.012256,0.004742,0.003091,0.015529,-0.00494,0.009939
Steppe_MLBA:Russia_LBA_Srubnaya_Alakul:kzb005__BC_1784__Cov_35.07%,0.12862,0.100537,0.054682,0.086241,-0.004616,0.031236,0.008695,0.003231,-0.02802,-0.05376,-0.002761,0.006145,-0.006541,-0.01968,0.02538,0.007027,0.006258,-0.006081,0,0.012131,-0.010232,0.000866,0.005546,0.012893,0.007903
Steppe_MLBA:Russia_LBA_Srubnaya_Alakul:kzb006__BC_1698__Cov_49.54%,0.121791,0.108662,0.047894,0.083011,0.007078,0.025379,0.002115,0.005307,-0.012271,-0.02934,-0.01023,0.005395,-0.001041,-0.017753,0.015472,0.014187,-0.012126,-0.002914,0.004902,0.005378,0.00262,-0.000989,-0.008997,-0.005181,0.005987
Steppe_MLBA:Russia_LBA_Srubnaya_Alakul:kzb007__BC_1722__Cov_74.08%,0.124067,0.107646,0.064111,0.072998,0.010156,0.02761,0.00423,0.013153,-0.023929,-0.0277,-0.000162,0.00045,-0.005352,-0.016928,0.023344,0.026916,0.0103,-0.00076,0.00088,0.004627,-0.006738,0.000742,0.007272,0.014821,0.001317
Steppe_MLBA:Russia_LBA_Srubnaya_Alakul:kzb008__BC_1804__Cov_47.93%,0.124067,0.102568,0.04978,0.095931,0.001846,0.029562,0.00564,0.002077,-0.031292,-0.052666,-0.005684,-0.001948,-0.006987,-0.016515,0.028094,-0.005569,-0.011083,-0.004941,-0.002765,0.005253,0.000749,0.00371,0.003204,0.007832,0.002994
Steppe_MLBA:Russia_LBA_Srubnaya_Alakul:kzb009__BC_1690__Cov_32.97%,0.124067,0.09546,0.056945,0.070414,0.007694,0.034304,0.00564,-0.002077,-0.024338,-0.027518,-0.005521,0.000599,0,-0.023533,0.016965,0.015778,-0.000782,0.003674,0.009553,0.003377,-0.007612,0.002226,0.001725,0.005422,0.001676
Steppe_MLBA:Russia_LBA_Srubnaya_Alakul:mur003__BC_1771__Cov_68.57%,0.132035,0.109677,0.062602,0.085272,0.010463,0.035698,0.00611,0.004615,-0.021066,-0.032256,0.003897,-0.001499,0.000297,-0.020231,0.027823,0.009149,-0.004563,-0.006334,0.006536,0.01063,0.005865,0.001484,0.006655,0.014219,-0.003832
Steppe_MLBA:Russia_LBA_Srubnaya_Alakul:mur004__BC_1805__Cov_50.29%,0.127482,0.105615,0.064488,0.091732,0.002154,0.034304,-0.00047,0.008307,-0.020861,-0.03991,-0.000487,-0.003297,-0.004162,-0.00812,0.033387,0.003315,-0.023469,-0.000127,0.001131,0.001,0.003993,-0.004822,0.008381,0.010001,0.003952
Steppe_MLBA:Russia_Fatyanovo_BA:I20784__BC_1050__Cov_19.12%,0.133173,0.117801,0.046009,0.073321,0.000308,0.021475,0.002585,0.014076,-0.005931,-0.03262,-0.007632,0.004646,-0.004311,-0.025735,0.006243,0.016839,0.010431,-0.003674,-0.008547,0.014757,0.003119,0.004822,-0.009737,0.003012,-0.011376
Steppe_MLBA:Russia_Steppe_Catacomb:MK3003__BC_2527__Cov_41.17%,0.114961,0.082258,0.037335,0.102068,-0.03139,0.051316,0.0047,-0.009923,-0.05379,-0.076721,0.010068,0.009442,-0.002081,-0.028626,0.032301,0.018563,0.011865,-0.006334,-0.00817,0.012881,-0.004118,0.002226,0.019966,0.028679,0.003832
Steppe_MLBA:Russia_Steppe_Catacomb:RK4001__BC_2288__Cov_48.79%,0.119514,0.091398,0.033564,0.099484,-0.026466,0.038208,-0.001645,-0.006,-0.056858,-0.071437,-0.005359,0.00015,0.009217,-0.011285,0.041123,-0.01074,-0.022817,-0.007095,0.004651,0.007128,-0.001872,-0.002349,0.017624,0.017352,-0.006347
Steppe_MLBA:Russia_Steppe_Catacomb:RK4002__BC_2560__Cov_55.99%,0.117238,0.091398,0.042238,0.11402,-0.026774,0.049921,0.000705,0.005077,-0.06013,-0.081642,0.001786,-0.002997,0.001189,-0.020231,0.034066,0.009944,-0.014603,0.004434,0.000628,0.016133,-0.001248,0.00507,0.007518,0.019159,-0.005149
Steppe_MLBA:Russia_Steppe_Catacomb:SA6003__BC_2368__Cov_35.10%,0.1161,0.088351,0.048271,0.11079,-0.0397,0.052153,0.0047,-0.000692,-0.056653,-0.07417,-0.005521,0.007793,-0.000743,-0.02491,0.033387,0.000398,-0.011865,0.00228,-0.005531,0.007879,-0.00262,0.003339,0.015159,0.022413,-0.016525
Steppe_MLBA:Russia_Fatyanovo_BA:I20784__BC_1050__Cov_19.12%,0.133173,0.117801,0.046009,0.073321,0.000308,0.021475,0.002585,0.014076,-0.005931,-0.03262,-0.007632,0.004646,-0.004311,-0.025735,0.006243,0.016839,0.010431,-0.003674,-0.008547,0.014757,0.003119,0.004822,-0.009737,0.003012,-0.011376
Steppe_MLBA:Russia_Steppe_Maikop:AY2003__BC_3502__Cov_66.47%,0.101303,0.008124,0.049403,0.164408,-0.078476,0.052431,-0.024441,-0.038306,-0.052972,-0.091483,0.017213,-0.008243,0.011298,-0.044315,0.036916,0.025325,-0.008866,-0.002407,-0.00352,0.008004,-0.012603,0.006183,0.013311,0.013375,-0.012214
Steppe_MLBA:Russia_Steppe_Maikop:SA6001__BC_3447__Cov_66.29%,0.111547,-0.001016,0.045254,0.148904,-0.075399,0.044623,-0.025146,-0.034845,-0.05563,-0.084558,0.013641,-0.004946,0.016947,-0.045278,0.028366,0.021612,-0.011083,-0.000887,-0.01169,0.004377,-0.028824,0.008037,0.012448,0.00735,-0.004311
Steppe_MLBA:Russia_Steppe_Maikop:SA6004__BC_3209__Cov_67.83%,0.117238,0.017264,0.04714,0.148581,-0.072321,0.048806,-0.020446,-0.030691,-0.059516,-0.082553,0.008444,-0.004346,0.012636,-0.041424,0.029316,0.016574,-0.006128,-0.010388,-0.005908,0.006503,-0.020339,0.011252,0.012325,0.006386,-0.007664